[1, 2, 3, 4, 5, 6, 7, 8, 9, 10, 11, 12, 13, 14, 3, 5, 15, 16, 17, 11, 18, 4, 19, 20, 21, 12, 22, 23, 3, 24, 5, 25, 26, 27, 28, 29, 30, 11, 4, 31, 32, 33, 3, 34, 35, 3, 36, 25, 37, 30, 38, 3, 39, 40, 41, 3, 42, 43, 44, 31, 45, 46, 47, 3, 19, 48, 3, 49, 50, 5, 51, 52, 10, 11, 18, 4, 53, 54, 55, 12, 22, 23, 3, 56, 4, 31, 57, 58, 59, 3, 55, 12, 60, 61, 62, 63, 64, 65, 66, 67, 11, 68, 69, 70, 3, 71, 3, 72, 5, 64, 4, 73, 11, 4, 74, 75, 3, 76, 55, 12, 11, 25, 77, 78, 3, 79, 80, 81, 11, 82, 28, 83, 84, 4, 85, 86, 16, 3, 87, 88, 40, 41, 58, 89, 90, 91, 92, 28, 93, 3, 94, 95, 15, 3, 96, 97, 98, 99, 28, 11, 15, 100, 101, 102, 11, 4, 49, 1, 34, 35, 3, 36, 25, 37, 30, 38, 3, 40, 41, 11, 7, 103, 100, 104, 105, 64, 3, 106, 107, 58, 108, 109, 110, 68, 111, 112, 70, 58, 113, 11, 4, 49, 1, 114, 5, 64, 55, 115, 116, 3, 117, 4, 59, 118, 119, 25, 116, 3, 4, 120, 121, 122, 123, 124, 125, 126, 58, 127, 11, 128, 129, 30, 49, 1, 130, 5, 4, 73, 11, 68, 131, 129, 70, 4, 58, 132, 133, 134, 64, 55, 135, 11, 12, 103, 136, 20, 45, 64, 43, 3, 137, 74, 30, 3, 138, 139, 140, 141, 28, 4, 11, 7, 58, 142, 143, 42, 144, 64, 145, 58, 146, 47, 3, 147, 148, 149, 64, 11, 4, 58, 150, 103, 151, 64, 152, 3, 153, 140, 154, 64, 97]
[155, 156, 157, 158, 3, 18, 159, 58, 160, 161, 4, 162, 163, 164, 165, 166, 157, 167, 168, 23, 3, 4, 169, 170, 64, 171, 172, 68, 165, 166, 173, 58, 174, 175, 176, 43, 177, 178, 176, 70, 179, 165, 166, 180, 64, 4, 181, 3, 182, 183, 37, 184, 185, 64, 65, 3, 186, 187, 188, 184, 3, 189, 190, 64, 7, 11, 4, 191, 192, 3, 31, 193, 3, 194, 4, 121, 195, 193, 196, 197, 25, 58, 198, 3, 4, 31, 199, 3, 200, 165, 166, 201, 202, 140, 190, 64, 7, 11, 203, 4, 204, 25, 205, 206, 157, 56, 25, 207, 208, 190, 64, 7]
[209, 3, 4, 210, 211, 4, 212, 165, 166, 58, 213, 31, 214, 215, 3, 214, 216, 25, 217, 218, 219, 220, 3, 221, 168, 222, 223, 224, 3, 225, 217, 226, 3, 227, 25, 228, 229, 221, 168, 3, 230, 119, 231, 232, 3, 25, 5, 233, 234, 235, 236, 3, 237, 234, 235, 238, 239, 3, 168, 44, 237, 240, 11, 241, 4, 242, 243, 244, 245, 246, 3, 247, 61, 248, 249, 4, 3, 4, 250, 25, 251, 252, 3, 25, 253, 14, 3, 43, 254, 44, 237, 242, 11, 4, 241, 25, 235, 255, 142, 47, 11]
[256, 257, 258, 259, 3, 260, 166, 261, 64, 262, 166, 104, 263, 3, 262, 166, 120, 37, 264, 263, 265, 266, 267, 261, 25, 58, 268, 269, 3, 235, 270, 5, 271, 58, 41, 272, 3, 273, 165, 166, 65, 274, 3, 275, 235, 276, 277, 3, 262, 166, 235, 242, 172, 68, 173, 278, 4, 263, 11, 70, 165, 166, 279, 3, 280, 235, 281, 282, 262, 166, 58, 283, 3, 284, 285, 286, 287, 259, 288, 289, 3, 230, 165, 166, 253, 237, 290, 3, 291, 262, 166, 58, 292, 13, 293, 64, 3, 285, 286, 212, 115, 294, 13, 295, 296, 3, 297, 37, 262, 166, 106, 165, 166, 58, 298, 299, 300, 3, 230, 301, 3, 285, 286, 302, 3, 303, 56, 262, 166, 37, 304, 106, 305, 306, 3, 182, 307, 37, 262, 166, 212, 165, 166, 308, 3, 309, 166, 310, 311, 312, 11]
[156, 313, 3, 235, 68, 314, 70, 64, 315, 58, 68, 316, 317, 70, 11, 1, 318, 319, 64, 7, 3, 21, 320, 321, 140, 250, 4, 242, 172, 68, 286, 3, 322, 242, 323, 324, 4, 325, 325, 70, 155, 326, 327, 3, 4, 58, 328, 329, 191, 330, 3, 265, 191, 331, 332, 333, 59, 55, 320, 244, 250, 25, 238, 3, 25, 334, 212, 335, 238, 3, 235, 336, 337, 58, 338, 21, 339, 340, 277, 341, 342, 343, 3, 225, 344, 140, 345, 346, 172, 68, 265, 347, 348, 349, 235, 324, 173, 11, 70, 250, 350, 350, 351, 352, 353, 23, 3, 25, 5, 354, 355, 356, 357, 3, 358, 359, 360, 3, 109, 361, 28, 362, 3, 363, 58, 364, 94, 8, 365, 64, 366, 3, 322, 367, 368, 59, 320, 369, 58, 25, 3, 370, 28, 68, 371, 4, 3, 372, 373, 70, 58, 374, 3, 375, 320, 59, 68, 376, 70, 377, 271, 58, 345, 378, 68, 225, 379, 380, 381, 70]
[4, 380, 382, 383, 243, 3, 25, 384, 237, 236, 3, 385, 278, 386, 387, 3, 4, 58, 388, 389, 390, 55, 341, 316, 391, 392, 3, 393, 394, 333, 322, 395, 58, 396, 397, 59, 25, 58, 398, 399, 3, 400, 401, 58, 59, 25, 58, 394, 31, 402, 55, 403, 404, 58, 405, 286, 325, 325, 180, 25, 406, 407, 408, 409, 316, 410, 58, 411, 3, 412, 413, 3, 235, 261, 350, 350, 58, 414, 415, 64, 416, 3, 322, 5, 414, 58, 417, 418, 20, 271, 58, 419, 420, 161, 320, 346, 64, 421]
[422, 259, 3, 423, 424, 425, 426, 172, 427, 428, 429, 409, 430, 431, 3, 37, 432, 409, 433, 434, 391, 435, 436, 437, 438, 439, 440, 441, 442, 443, 3, 444, 205, 445, 446, 409, 447, 448, 409, 449, 450, 436, 318, 424, 451, 452, 3, 453, 115, 454, 455, 3, 456, 457, 115, 436, 400, 458, 58, 59, 3, 18, 286, 459, 460, 3, 25, 58, 461, 196, 462, 463, 464, 3, 465, 140, 466, 467, 286, 3, 358, 140, 468, 409, 469, 470, 3, 456, 415, 271, 58, 471, 3, 61, 472, 473, 271, 58, 474]
[475, 476, 477, 285, 3, 478, 479, 480, 58, 481, 364, 3, 85, 7, 482, 58, 483, 484, 485, 3, 216, 486, 406, 487, 58, 488, 11, 241, 286, 44, 486, 244, 245, 246, 3, 427, 486, 489, 490, 3, 212, 115, 58, 213, 44, 463, 491, 3, 486, 212, 115, 492, 3, 493, 479, 271, 494, 58, 115, 11, 495, 241, 286, 496, 58, 497, 498, 217, 3, 230, 194, 25, 499, 500, 501, 3, 486, 31, 502, 503, 3, 504, 25, 503, 3, 25, 235, 505, 140, 506, 507, 3, 508, 64, 509, 510, 11]
[4, 16, 511, 23, 3, 475, 486, 512, 140, 513, 28, 3, 96, 514, 30, 3, 515, 140, 516, 470, 16, 11, 517, 115, 5, 518, 58, 177, 3, 25, 486, 519, 3, 520, 76, 490, 3, 521, 502, 235, 310, 493, 522, 11, 495, 523, 524, 58, 177, 25, 486, 463, 217, 3, 525, 526, 13, 527, 286, 58, 528, 529, 11, 530, 531, 20, 25, 25, 532, 237, 533, 3, 495, 534, 535, 25, 536, 218, 11]
[537, 156, 538, 539, 3, 540, 541, 115, 542, 59, 53, 32, 68, 543, 70, 64, 11, 16, 1, 59, 156, 58, 544, 3, 5, 545, 546, 547, 212, 414, 68, 548, 70, 11, 549, 77, 550, 3, 334, 551, 11, 552, 553, 58, 554, 286, 48, 383, 3, 555, 390, 556, 58, 68, 557, 70, 558, 559, 3, 560, 561, 3, 562, 56, 563, 286, 564, 3, 414, 44, 59, 565, 28, 566, 11]
[567, 390, 568, 569, 16, 68, 570, 571, 409, 572, 70, 573, 58, 481, 11, 574, 560, 3, 575, 58, 177, 3, 55, 576, 58, 68, 341, 577, 70, 578, 64, 349, 579, 11, 580, 3, 155, 156, 581, 3, 423, 582, 4, 583, 64, 25, 58, 68, 584, 70, 585, 585, 507, 16, 3, 25, 586, 68, 587, 70, 172, 385, 588, 32, 589, 439, 3, 590, 591, 592, 436, 61, 37, 341, 593, 594, 595, 3, 596, 115, 294, 58, 94, 436, 597, 598, 174, 3, 25, 60, 599, 600, 362, 37, 522, 601, 325, 325, 318, 3, 25, 68, 341, 602, 70, 603, 172, 604, 605, 606, 607, 608, 28, 609, 58, 341, 610, 436, 611, 612, 613, 3, 614, 86, 3, 56, 115, 615, 3, 616, 617, 436, 618, 619, 620, 115, 184, 3, 621, 391, 522, 68, 622, 70, 623, 325, 325, 168, 624, 625, 626, 3, 444, 60, 627, 3, 456, 628, 157, 229, 11, 629, 630, 631, 3, 66, 59, 632]
[633, 59, 159, 58, 634, 3, 635, 636, 637, 194, 25, 390, 638, 639, 3, 640, 1, 4, 13, 641, 642, 643, 644, 3, 459, 58, 645, 646, 64, 3, 25, 241, 4, 58, 647, 44, 648, 210, 3, 634, 649, 650, 44, 235, 651, 3, 278, 437, 611, 4, 613, 652, 228, 653, 654, 655, 58, 5, 656, 16, 3, 56, 657, 564, 129]
[507, 658, 659, 660, 409, 32, 439, 409, 661, 115, 662, 663, 436, 233, 516, 528, 16, 436, 664, 665, 661, 115, 666, 436, 667, 668, 669, 16, 670, 659, 20, 7, 671, 16, 436, 672, 115, 659, 673, 674, 436, 180, 675, 206, 676, 58, 208, 436, 677, 678, 115, 679, 436, 5, 159, 680, 436, 270, 28, 681, 682, 683, 684, 436, 216, 685, 7, 3, 686, 5, 687, 8, 409, 688, 5, 689, 8, 690, 436, 691, 51, 635, 3, 692, 693, 694, 58, 239, 436, 695, 696, 115, 3, 498, 59, 606, 409, 697, 115, 436, 698, 699, 700, 58, 59, 701, 702, 703, 704, 705, 115, 11]
[507, 658, 659, 660, 409, 32, 439, 409, 661, 115, 662, 663, 436, 233, 516, 528, 16, 436, 664, 665, 661, 115, 666, 436, 667, 668, 669, 16, 670, 659, 20, 7, 671, 16, 436, 672, 115, 659, 673, 674, 436, 180, 675, 206, 676, 58, 208, 436, 677, 678, 115, 679, 436, 5, 159, 680, 436, 270, 28, 681, 682, 683, 684, 436, 216, 685, 7, 3, 686, 5, 687, 8, 409, 688, 5, 689, 8, 690, 436, 691, 51, 635, 3, 692, 693, 694, 58, 239, 436, 695, 696, 115, 3, 498, 59, 606, 409, 697, 115, 436, 698, 699, 700, 58, 59, 701, 702, 703, 704, 705, 115, 11]
[273, 3, 706, 536, 343, 707, 64, 129, 708, 709, 257, 4, 552, 311, 710, 711, 3, 21, 712, 58, 713, 714, 343, 3, 715, 716, 717, 4, 718, 172, 719, 115, 720, 212, 257, 415, 64, 4, 721, 3, 4, 722, 723, 498, 724, 3, 286, 3, 4, 725, 726, 13, 31, 727, 25, 129, 728, 335, 242, 58, 729, 3, 4, 730, 229, 64, 731, 3, 732, 733, 734, 459, 719, 3, 335, 332, 735, 736, 64, 664, 11, 737, 738, 739, 3, 4, 250, 719, 170, 64, 353, 3, 25, 740, 741, 415, 64, 742, 743, 3, 744, 59, 31, 745, 58, 129, 4, 284, 746, 31, 747, 3, 748, 64, 61, 68, 749, 70, 58, 750, 751, 25, 3, 225, 56, 25, 752, 753, 754, 493, 743, 11, 25, 755, 420, 140, 756, 64, 129]
[106, 25, 757, 354, 4, 352, 20, 172, 214, 481, 5, 758, 286, 759, 25, 760, 3, 761, 341, 115, 11, 253, 762, 412, 21, 763, 3, 100, 1, 3, 764, 168, 765, 766, 767, 3, 286, 504, 3, 56, 25, 240, 768, 265, 767, 11, 25, 769, 770, 64, 225, 212, 286, 771, 3, 286, 642, 140, 459, 64, 25, 3, 25, 772, 3, 773, 187, 184, 714, 735, 64, 774, 11]
[100, 256, 3, 318, 481, 294, 16, 768, 687, 775, 718, 242, 172, 68, 764, 242, 776, 64, 11, 70, 68, 764, 777, 778, 129, 70, 284, 4, 779, 780, 140, 68, 781, 70, 64, 782, 11]
[25, 58, 783, 77, 784, 3, 785, 194, 726, 786, 235, 787, 115, 788, 3, 789, 790, 791, 11, 664, 216, 792, 3, 77, 244, 793, 3, 427, 794, 83, 795, 347, 796, 3, 253, 797, 798, 358, 3, 467, 286, 3, 799, 800, 11, 5, 115, 294, 58, 801, 802, 3, 25, 59, 21, 803, 481, 11, 5, 25, 58, 394, 3, 44, 365, 64, 241, 115, 409, 241, 286, 58, 804, 3, 25, 368, 805, 13, 237, 806, 25, 3, 807, 3, 25, 44, 237, 806, 115, 11, 5, 55, 808, 365, 809, 58, 810, 3, 25, 58, 328, 811, 390, 812, 409, 813, 409, 814, 815, 3, 25, 37, 271, 816, 817, 818, 64, 11, 5, 635, 58, 55, 819, 802, 3, 25, 820, 821, 58, 3, 637, 24, 58, 13, 59, 51, 481, 58, 822, 3, 823, 25, 58, 824, 59, 825, 58, 3, 826, 827, 278, 222, 42, 51, 58, 828, 47, 829, 830, 176]
[25, 58, 783, 77, 784, 3, 785, 194, 726, 786, 235, 787, 115, 788, 3, 789, 790, 791, 11, 664, 216, 792, 3, 77, 244, 793, 3, 427, 794, 83, 795, 347, 796, 3, 253, 797, 798, 358, 3, 467, 286, 3, 799, 800, 11, 5, 115, 294, 58, 801, 802, 3, 25, 59, 21, 803, 481, 11, 5, 25, 58, 394, 3, 44, 365, 64, 241, 115, 409, 241, 286, 58, 804, 3, 25, 368, 805, 13, 237, 806, 25, 3, 807, 3, 25, 44, 237, 806, 115, 11, 5, 55, 808, 365, 809, 58, 810, 3, 25, 58, 328, 811, 390, 812, 409, 813, 409, 814, 815, 3, 25, 37, 271, 816, 817, 818, 64, 11, 5, 635, 58, 55, 819, 802, 3, 25, 820, 821, 58, 3, 637, 24, 58, 13, 59, 51, 481, 58, 822, 3, 823, 25, 58, 824, 59, 825, 58, 3, 826, 827, 278, 222, 42, 51, 58, 828, 47, 829, 830, 176]
[25, 58, 783, 77, 784, 3, 785, 194, 726, 786, 235, 787, 115, 788, 3, 789, 790, 791, 11, 664, 216, 792, 3, 77, 244, 793, 3, 427, 794, 83, 795, 347, 796, 3, 253, 797, 798, 358, 3, 467, 286, 3, 799, 800, 11, 5, 115, 294, 58, 801, 802, 3, 25, 59, 21, 803, 481, 11, 5, 25, 58, 394, 3, 44, 365, 64, 241, 115, 409, 241, 286, 58, 804, 3, 25, 368, 805, 13, 237, 806, 25, 3, 807, 3, 25, 44, 237, 806, 115, 11, 5, 55, 808, 365, 809, 58, 810, 3, 25, 58, 328, 811, 390, 812, 409, 813, 409, 814, 815, 3, 25, 37, 271, 816, 817, 818, 64, 11, 5, 635, 58, 55, 819, 802, 3, 25, 820, 821, 58, 3, 637, 24, 58, 13, 59, 51, 481, 58, 822, 3, 823, 25, 58, 824, 59, 825, 58, 3, 826, 827, 278, 222, 42, 51, 58, 828, 47, 829, 830, 176]
[4, 37, 831, 38, 3, 832, 11, 516, 25, 58, 833, 242, 172, 68, 286, 237, 834, 835, 830, 176, 836, 173, 532, 237, 768, 837, 129, 838, 3, 307, 532, 839, 129, 70, 840, 841, 122, 842, 140, 843, 3, 844, 3, 25, 31, 11, 520, 340, 845, 846, 3, 5, 846, 16, 847, 64, 21, 848, 3, 849, 253, 25, 58, 850, 286, 11, 203, 3, 25, 235, 61, 851, 734, 852, 853, 854, 11, 5, 337, 278, 855, 172, 68, 856, 3, 4, 857, 778, 129, 70, 4, 858, 28, 242, 3, 68, 481, 3, 4, 121, 173, 847, 58, 59, 859, 3, 393, 4, 237, 860, 173, 861, 395, 229, 176, 56, 173, 286, 24, 3, 335, 862, 646, 863, 864, 3, 343, 3, 4, 36, 173, 865, 91, 129, 70, 25, 31, 866, 11, 867, 868, 25, 58, 869, 461, 3, 4, 161, 25, 58, 870, 19, 310, 3, 205, 871, 28, 25, 11, 179, 25, 49, 37, 450, 270, 64, 351, 3, 872, 61, 851, 734, 873, 28, 325, 325, 874, 278, 875, 28, 43, 129]
[87, 876, 5, 687, 877, 23, 3, 878, 879, 880, 3, 881, 37, 882, 883, 20, 884, 579, 115, 58, 305, 3, 826, 885, 886, 887, 64, 129, 826, 888, 64, 4, 889, 890, 891, 58, 892, 129, 893, 28, 894, 895, 896, 897, 58, 876, 3, 4, 394, 58, 150, 898, 3, 459, 58, 899, 900, 901, 605, 25, 305, 68, 902, 70, 3, 903, 904, 905, 906, 907, 56, 25, 908, 909, 910, 58, 911, 787, 366, 912, 3, 913, 914, 915, 916, 3, 917, 918, 834, 25, 185, 68, 919, 70, 3, 4, 307, 250, 343, 68, 920, 70, 921, 922, 3, 923, 924, 925, 926, 927, 11]
[4, 928, 929, 930, 931, 58, 932, 933, 3, 934, 44, 935, 936, 3, 937, 235, 61, 938, 939, 3, 4, 44, 77, 940, 3, 941, 942, 943, 11]
[5, 736, 100, 21, 12, 3, 25, 944, 3, 216, 157, 945, 355, 3, 241, 946, 31, 726, 947, 3, 948, 949, 3, 948, 950, 3, 948, 951, 694, 946, 436, 799, 454, 455, 3, 25, 699, 451, 3, 806, 952, 436, 168, 237, 229, 3, 953, 229, 64, 3, 44, 229, 237, 954, 3, 955, 956, 957, 958, 958, 958, 958, 958, 958]
[16, 763, 959, 705, 960, 3, 961, 463, 501, 11, 507, 695, 962, 963, 3, 964, 113, 3, 624, 454, 455, 11, 5, 965, 424, 966, 3, 5, 967, 270, 968, 969, 902, 606, 3, 970, 971, 5, 965, 972, 3, 973, 974, 975, 58, 976, 3, 628, 237, 977, 286, 978, 11, 850, 979, 787, 980, 981, 3, 982, 983, 984, 985, 3, 986, 11]
[16, 763, 959, 705, 960, 3, 961, 463, 501, 11, 507, 695, 962, 963, 3, 964, 113, 3, 624, 454, 455, 11, 5, 965, 424, 966, 3, 5, 967, 270, 968, 969, 902, 606, 3, 970, 971, 5, 965, 972, 3, 973, 974, 975, 58, 976, 3, 628, 237, 977, 286, 978, 11, 850, 979, 787, 980, 981, 3, 982, 983, 984, 985, 3, 986, 11]
[987, 988, 989, 156, 990, 3, 5, 991, 646, 992, 993, 3, 558, 114, 64, 988, 994, 58, 492, 995, 3, 412, 996, 997, 612, 998, 58, 999, 11, 5, 980, 979, 1000, 58, 1001, 792, 3, 758, 756, 612, 1002, 11]
[1003, 3, 1004, 1005, 7, 11, 235, 326, 320, 58, 1006, 3, 1007, 58, 1008, 5, 1009, 3, 335, 58, 184, 390, 1010, 5, 1011, 3, 184, 8, 58, 1012, 409, 433, 1013, 1014, 11, 481, 294, 1015, 140, 242, 59, 1007, 229, 58, 11, 100, 1016, 699, 806, 777, 64, 3, 100, 1016, 106, 1017, 188, 235, 806, 777, 3, 100, 1016, 486, 1018, 878, 325, 325, 4, 1019, 11, 1020, 481, 294, 58, 718, 3, 4, 1021, 170, 25, 3, 1022, 176, 25, 1023, 140, 249, 4, 172, 68, 4, 211, 1024, 11, 70]
[1025, 1026, 3, 4, 310, 216, 3, 155, 1005, 7, 11, 709, 864, 129, 7, 8, 1027, 3, 1028, 481, 58, 184, 13, 390, 1010, 5, 1011, 3, 1029, 5, 1030, 58, 1012, 212, 1031, 16, 1032, 64, 1033, 1034, 11, 1035, 3, 481, 294, 1036, 1037, 1007, 11, 377, 25, 3, 1038, 1039, 140, 85, 443, 16, 11, 4, 170, 861, 176, 25, 536, 1040, 1041, 172, 68, 1024, 11, 70]
[1042, 3, 4, 1043, 155, 1044, 7, 1045, 3, 49, 236, 21, 481, 729, 717, 4, 1046, 172, 68, 286, 3, 1047, 4, 129, 70, 1048, 3, 4, 37, 5, 683, 1049, 28, 58, 1050, 20, 116, 922, 172, 68, 173, 1051, 415, 115, 175, 176, 70, 25, 894, 772, 1041, 172, 68, 4, 253, 120, 212, 25, 1052, 1053, 129, 70, 68, 43, 1054, 1052, 1053, 176, 70, 4, 1055, 769, 64, 11, 68, 4, 253, 453, 25, 1052, 11, 4, 157, 415, 25, 129, 70, 25, 58, 1056, 1055, 366, 11]
[844, 1057, 3, 156, 58, 1058, 738, 1059, 664, 3, 21, 12, 1060, 140, 347, 250, 4, 3, 242, 7, 8, 1061, 115, 5, 492, 3, 115, 294, 13, 1062, 1063, 3, 1064, 1065, 286, 243, 13, 237, 236, 11, 4, 1066, 140, 1067, 7, 3, 849, 1068, 212, 1069, 1070, 1071, 1072, 3, 337, 58, 115, 13, 686, 5, 1073, 3, 1074, 1075, 11, 4, 1076, 1077, 549, 3, 1064, 13, 1078, 242, 172, 68, 59, 25, 1079, 415, 4, 58, 325, 325, 70, 1080, 1081, 58, 1082, 13, 31, 11]
[4, 56, 163, 1064, 295, 453, 4, 20, 311, 3, 310, 58, 1083, 4, 1084, 140, 1085, 65, 1064, 58, 1086, 1087, 3, 1069, 1088, 3, 235, 1089, 28, 1090, 3, 844, 1091, 1092, 1093, 3, 1094, 415, 25, 58, 89, 3, 1094, 1095, 25, 58, 824, 3, 1069, 31, 1096, 3, 44, 31, 278, 415, 11, 395, 1097, 19, 347, 3, 4, 103, 1098, 333, 1099, 64, 11, 4, 536, 1100, 140, 56, 163, 1101, 1102, 1081, 58, 119, 206, 1064, 1103, 1104, 1105, 1106, 243, 208, 3, 1064, 13, 59, 1107, 140, 1102, 28, 1081, 58, 119, 3, 106, 163, 58, 1108, 802, 3, 4, 1109, 32, 58, 555, 212, 4, 1110, 1083, 1085, 58, 1111, 585, 585, 59, 1068, 1112, 58, 97, 11]
[1048, 4, 582, 1079, 1113, 58, 1068, 242, 242, 271, 861, 323, 777, 176, 1114, 4, 243, 155, 1115, 3, 25, 147, 1116, 1117, 3, 1118, 271, 1119, 64, 1120, 58, 729, 3, 1121, 1009, 1121, 1093, 3, 1122, 1123, 4, 58, 1124, 11, 4, 56, 25, 1125, 777, 3, 25, 235, 1126, 188, 1127, 161, 4, 1128, 325, 325, 1129, 1130, 311, 11]
[203, 58, 158, 3, 1131, 1132, 12, 1133, 58, 897, 3, 5, 1059, 233, 453, 286, 1134, 3, 456, 323, 415, 286, 3, 951, 1135, 216, 64, 436, 456, 5, 1136, 16, 13, 1137, 3, 56, 115, 294, 1138, 216, 11, 400, 1035, 799, 64, 3, 37, 115, 58, 443, 1139, 64, 3, 37, 670, 692, 1140, 305, 883, 64, 3, 61, 1141, 777, 64, 3, 1142, 115, 453, 4, 242, 25, 712, 58, 177, 453, 1143, 241, 28, 415, 3, 1144, 59, 1145, 1131, 3, 1146, 31, 1147, 100, 25, 11]
[552, 311, 1148, 3, 1149, 1150, 4, 3, 1151, 25, 461, 77, 1152, 11, 68, 49, 59, 1153, 1154, 1155, 173, 769, 64, 176, 70, 4, 1156, 1157, 28, 170, 11, 68, 278, 242, 175, 3, 222, 100, 859, 864, 129, 278, 794, 1158, 579, 58, 1159, 3, 1160, 216, 3, 25, 486, 1161, 3, 1116, 242, 25, 386, 278, 222, 236, 3, 722, 1162, 3, 278, 1163, 212, 173, 1164, 64, 11, 70, 1149, 1165, 1041]
[4, 58, 1017, 1166, 100, 1167, 944, 1168, 58, 481, 1169, 1170, 5, 233, 335, 1171, 1172, 140, 438, 21, 1173, 58, 1174, 1170, 44, 196, 1172, 19, 20, 1175, 115, 58, 22, 68, 1176, 70, 1177, 1178, 25, 58, 670, 440, 1179, 140, 469, 859, 65, 3, 4, 216, 1102, 28, 1102, 28, 3, 191, 1180, 3, 1181, 335, 43, 177, 235, 106, 1182, 1183, 1184, 3, 1185, 20, 64, 4, 22, 11, 1186, 335, 1170, 4, 59, 1187, 64, 1188, 1170, 335, 1171, 434, 1189, 1190, 58, 1191, 56, 4, 1192, 1193, 11, 725, 58, 233, 3, 194, 1194, 64, 1195, 1196, 58, 1197, 3, 191, 24, 1198, 335, 782, 1199, 58, 1200, 1201, 1202, 1203, 37, 1135, 1155, 391, 1204, 3, 68, 1205, 70, 64, 579, 802, 58, 1028, 12, 3, 100, 1206, 570, 58, 1207, 278, 1208, 1209, 335, 58, 1210, 212, 1211, 3, 1212, 159, 101, 12, 1116, 1213, 3, 1104, 1214, 1215, 507, 11, 4, 1216, 241, 264, 76, 1217, 3, 1218, 56, 657, 1219, 58, 481, 294, 1220, 64, 1221, 3, 1222, 1223, 664, 481, 294, 1224, 64, 3, 393, 1225, 61, 68, 621, 70, 1226, 58, 985, 49, 222, 1227, 1228, 175, 176, 1229, 323, 286, 1230, 1231, 235, 1232, 343, 1233, 507, 58, 1234, 830, 176]
[1235, 252, 787, 980, 981, 1236, 3, 1169, 1237, 235, 787, 517, 481, 1238, 107, 3, 1239, 1240, 409, 1241, 3, 806, 1242, 694, 3, 1243, 37, 1244, 1245, 58, 481, 1155, 1009, 3, 1246, 8, 59, 1247, 58, 1248, 58, 481, 11]
[481, 1113, 225, 794, 1249, 58, 3, 119, 4, 1250, 1251, 352, 3, 481, 1252, 395, 3, 1253, 1254, 59, 481, 1255, 1256, 1257, 58, 11, 481, 1258, 13, 59, 1259, 1260, 409, 1261, 1262, 58, 3, 1263, 1264, 212, 1265, 3, 56, 481, 508, 64, 1266, 834, 1267, 58, 1268, 3, 744, 368, 1269, 59, 1270, 1271, 58, 1272, 11]
[106, 1273, 1274, 1275, 1276, 12, 58, 544, 188, 3, 4, 58, 1277, 235, 1278, 11, 1279, 1280, 3, 1281, 58, 481, 1282, 1283, 140, 1284, 23, 3, 1273, 1172, 1285, 140, 1286, 1130, 11, 4, 58, 1287, 382, 628, 1288, 3, 44, 1118, 59, 628, 1289, 11, 1290, 1291, 535, 3, 4, 538, 1292, 528, 3, 1273, 49, 1293, 1294, 140, 415, 64, 1008, 11, 1295, 58, 158, 8, 3, 1273, 424, 37, 159, 1018, 391, 1296, 585, 585, 427, 792, 140, 1297, 1298, 409, 27, 5, 1011, 1299, 237, 91, 409, 1300, 23, 1301, 1010, 1302, 409, 1303, 1172, 1304, 792, 1305, 325, 325, 1149, 1306, 481, 343, 250, 4, 3, 242, 1273, 237, 1307, 3, 278, 1009, 278, 1308, 278, 714, 64, 436, 1309, 286, 1306, 481, 343, 250, 4, 3, 242, 1273, 1310, 1311, 3, 278, 489, 286, 115, 436, 1312, 286, 1306, 481, 343, 250, 4, 3, 242, 1273, 237, 518, 3, 278, 37, 694, 58, 30, 212, 846, 261, 1010, 64, 409, 1313, 64, 325, 325]
[18, 850, 1314, 23, 3, 159, 343, 64, 21, 1315, 12, 3, 21, 1316, 11, 25, 58, 1317, 850, 1318, 4, 3, 826, 59, 1319, 803, 12, 3, 1320, 212, 961, 13, 77, 1321, 3, 1322, 1323, 3, 437, 1324, 3, 59, 21, 56, 286, 1325, 3, 115, 1326, 58, 12, 11, 4, 284, 235, 1327, 733, 323, 5, 1116, 235, 1328, 25, 3, 56, 25, 121, 4, 55, 850, 44, 237, 1329, 3, 1330, 1331, 196, 648, 1332, 978, 11, 580, 3, 55, 481, 58, 1315, 1333, 11, 216, 3, 25, 1334, 3, 241, 946, 1335, 947, 436, 799, 3, 25, 1336, 1337, 1308, 3, 212, 115, 1338, 1339, 64, 938, 11, 1340, 235, 1341, 1113, 3, 637, 794, 1342, 286, 253, 12, 161, 4, 718, 11, 4, 250, 25, 1343, 409, 459, 13, 301, 3, 1344, 1325, 11]
[826, 256, 3, 4, 1345, 12, 5, 1346, 1347, 1170, 25, 49, 212, 115, 492, 64, 11, 1348, 37, 25, 1349, 4, 1350, 3, 25, 1351, 1352, 1353, 406, 1354, 4, 1355, 58, 488, 11, 4, 120, 24, 25, 1356, 59, 43, 1357, 3, 121, 25, 1356, 59, 43, 879, 3, 1048, 4, 1293, 1358, 25, 58, 1359, 3, 4, 24, 58, 59, 1360, 1361, 58, 94, 3, 845, 1362, 391, 329, 58, 797, 1170, 1363, 1364, 58, 938, 11, 1365, 406, 1366, 58, 1367, 3, 1365, 509, 1368, 1129, 1369, 58, 425, 11]
[1370, 1371, 3, 1372, 58, 1373, 5, 4, 58, 1374, 935, 1375, 172, 55, 1376, 343, 58, 1377, 3, 1378, 3, 1379, 1380, 3, 1381, 1382, 1383, 3, 1384, 1385, 1386, 51, 481, 3, 1387, 3, 1388, 1389, 3, 68, 1390, 70, 66, 59, 1391, 11, 106, 1017, 1116, 3, 718, 33, 235, 1392, 172, 68, 286, 3, 1372, 49, 1095, 4, 58, 1393, 11, 70, 68, 286, 3, 1372, 37, 4, 58, 174, 261, 1313, 64, 11, 70, 68, 286, 3, 538, 16, 1394, 3, 1372, 49, 1018, 878, 1395, 743, 64, 11, 70, 325, 325, 1396, 173, 59, 1397, 140, 1398, 3, 536, 1399, 1400, 140, 459, 3, 25, 1401, 1402, 3, 1403, 11, 979, 787, 25, 58, 1404, 981, 3, 1405, 13, 237, 886, 210, 11, 1406, 66, 59, 21, 1407, 58, 1003, 3, 55, 68, 572, 70, 49, 261, 4, 1408, 64, 172, 427, 3, 1176, 28, 180, 1409, 3, 1342, 286, 459, 64, 386, 3, 1410, 5, 507, 16, 787, 286, 771, 11, 4, 191, 236, 3, 143, 211, 1411, 1412, 3, 417, 1413, 3, 288, 37, 25, 531, 1414, 64, 311, 3, 1415, 3, 21, 416, 1416, 64, 25, 58, 414, 11]
[1370, 1371, 3, 1372, 58, 1373, 5, 4, 58, 1374, 935, 1375, 172, 55, 1376, 343, 58, 1377, 3, 1378, 3, 1379, 1380, 3, 1381, 1382, 1383, 3, 1384, 1385, 1386, 51, 481, 3, 1387, 3, 1388, 1389, 3, 68, 1390, 70, 66, 59, 1391, 11, 106, 1017, 1116, 3, 718, 33, 235, 1392, 172, 68, 286, 3, 1372, 49, 1095, 4, 58, 1393, 11, 70, 68, 286, 3, 1372, 37, 4, 58, 174, 261, 1313, 64, 11, 70, 68, 286, 3, 538, 16, 1394, 3, 1372, 49, 1018, 878, 1395, 743, 64, 11, 70, 325, 325, 1396, 173, 59, 1397, 140, 1398, 3, 536, 1399, 1400, 140, 459, 3, 25, 1401, 1402, 3, 1403, 11, 979, 787, 25, 58, 1404, 981, 3, 1405, 13, 237, 886, 210, 11, 1406, 66, 59, 21, 1407, 58, 1003, 3, 55, 68, 572, 70, 49, 261, 4, 1408, 64, 172, 427, 3, 1176, 28, 180, 1409, 3, 1342, 286, 459, 64, 386, 3, 1410, 5, 507, 16, 787, 286, 771, 11, 4, 191, 236, 3, 143, 211, 1411, 1412, 3, 417, 1413, 3, 288, 37, 25, 531, 1414, 64, 311, 3, 1415, 3, 21, 416, 1416, 64, 25, 58, 414, 11]
[1417, 166, 3, 1418, 3, 1419, 1420, 3, 1275, 1421, 3, 216, 695, 1422, 254, 409, 1423, 3, 1424, 218, 3, 1425, 1426, 436, 216, 1427, 1428, 64, 3, 278, 624, 1429, 1430, 58, 12, 1431, 3, 286, 1051, 242, 13, 237, 236, 436, 937, 235, 212, 115, 409, 1432, 1433, 492, 3, 100, 1434, 58, 980, 20, 286, 1435, 718, 3, 850, 984, 25, 25, 278, 771, 11, 216, 513, 86, 44, 237, 42, 1436, 3, 1094, 1437, 513, 3, 1094, 49, 27, 513, 3, 191, 237, 234, 918, 1438, 585, 585, 1439, 64, 129]
[1417, 166, 3, 1418, 3, 1419, 1420, 3, 1275, 1421, 3, 216, 695, 1422, 254, 409, 1423, 3, 1424, 218, 3, 1425, 1426, 436, 216, 1427, 1428, 64, 3, 278, 624, 1429, 1430, 58, 12, 1431, 3, 286, 1051, 242, 13, 237, 236, 436, 937, 235, 212, 115, 409, 1432, 1433, 492, 3, 100, 1434, 58, 980, 20, 286, 1435, 718, 3, 850, 984, 25, 25, 278, 771, 11, 216, 513, 86, 44, 237, 42, 1436, 3, 1094, 1437, 513, 3, 1094, 49, 27, 513, 3, 191, 237, 234, 918, 1438, 585, 585, 1439, 64, 129]
[68, 286, 3, 261, 4, 1440, 443, 839, 3, 1441, 1442, 64, 3, 25, 1443, 59, 216, 343, 63, 4, 3, 278, 1444, 1010, 4, 58, 239, 11, 70, 68, 286, 3, 4, 44, 334, 212, 1441, 513, 3, 25, 237, 1445, 3, 1446, 3, 278, 777, 11, 70]
[68, 286, 3, 261, 4, 1440, 443, 839, 3, 1441, 1442, 64, 3, 25, 1443, 59, 216, 343, 63, 4, 3, 278, 1444, 1010, 4, 58, 239, 11, 70, 68, 286, 3, 4, 44, 334, 212, 1441, 513, 3, 25, 237, 1445, 3, 1446, 3, 278, 777, 11, 70]
[230, 25, 49, 783, 1447, 3, 624, 212, 115, 45, 1448, 436, 77, 1240, 3, 1449, 271, 58, 1450, 3, 242, 1451, 1452, 235, 196, 1126, 188, 938, 3, 859, 13, 1453, 3, 44, 31, 115, 1454, 212, 25, 1455, 3, 1456, 44, 13, 1457, 25, 216, 1458, 68, 1459, 1460, 70, 3, 237, 1461, 11]
[68, 1462, 3, 1441, 212, 1463, 415, 91, 64, 129, 70, 826, 1464, 3, 1465, 49, 261, 4, 1466, 64, 129, 4, 1467, 1468, 55, 502, 1469, 140, 984, 25, 11, 68, 242, 839, 3, 1158, 861, 492, 176, 70, 24, 4, 894, 58, 1470, 3, 1441, 1471, 1472, 64, 674, 11, 4, 37, 138, 1473, 64, 1463, 3, 826, 481, 1474, 729, 3, 278, 5, 358, 140, 1475, 28, 172, 68, 1441, 242, 4, 212, 1476, 77, 1477, 3, 278, 242, 159, 58, 1478, 253, 1476, 3, 242, 349, 1331, 196, 1479, 3, 25, 1480, 64, 4, 58, 1481, 129, 4, 1482, 25, 3, 25, 235, 415, 4, 11, 286, 3, 4, 121, 4, 44, 100, 1483, 3, 1484, 212, 25, 1485, 3, 393, 4, 1486, 1487, 64, 11, 1488, 59, 1441, 271, 806, 1478, 332, 60, 242, 4, 58, 11, 70]
[156, 991, 3, 25, 637, 13, 212, 115, 415, 1489, 11, 530, 25, 106, 694, 116, 1490, 60, 1491, 1492, 3, 530, 1493, 546, 504, 115, 1494, 3, 530, 767, 23, 1495, 694, 1496, 670, 1497, 11, 5, 115, 802, 1498, 3, 1330, 1499, 3, 115, 13, 836, 25, 3, 531, 25, 1500, 11, 1501, 850, 286, 1502, 459, 984, 3, 13, 31, 43, 1503, 3, 637, 1504, 493, 115, 11, 256, 318, 3, 579, 1505, 1506, 1296, 3, 319, 7, 849, 3, 25, 1282, 1507, 5, 1508, 16, 1509, 28, 115, 294, 1510, 58, 488, 11, 4, 24, 143, 769, 64, 3, 1509, 28, 25, 3, 1511, 242, 172, 68, 173, 1512, 175, 129, 838, 300, 129, 70, 273, 25, 649, 1513, 3, 1514, 31, 300, 3, 1515, 1043, 1516, 470, 3, 726, 237, 1517, 3, 25, 94, 1518, 28, 3, 406, 1519, 58, 488, 3, 242, 68, 4, 235, 237, 129, 70, 1520, 1521, 1522, 3, 1523, 58, 1315, 12, 44, 1524, 64, 3, 278, 31, 1525, 21, 42, 395, 1526, 286, 1527, 58, 481, 11]
[256, 318, 3, 579, 1505, 1506, 1296, 3, 319, 7, 849, 3, 25, 1282, 1507, 5, 1508, 16, 1509, 28, 115, 294, 1510, 58, 488, 11, 4, 24, 143, 769, 64, 3, 1509, 28, 25, 3, 1511, 242, 172, 68, 173, 1512, 175, 129, 838, 300, 129, 70, 273, 25, 649, 1513, 3, 1514, 31, 300, 3, 1515, 1043, 1516, 470, 3, 726, 237, 1517, 3, 25, 94, 1518, 28, 3, 406, 1519, 58, 488, 3, 242, 68, 4, 235, 237, 129, 70, 1520, 1521, 1522, 3, 1523, 58, 1315, 12, 44, 1524, 64, 3, 278, 31, 1525, 21, 42, 395, 1526, 286, 1527, 58, 481, 11]
[984, 58, 1528, 637, 13, 5, 358, 140, 1529, 1530, 28, 3, 1531, 1532, 155, 1533, 1534, 58, 4, 1535, 1536, 1537, 23, 3, 1166, 1538, 68, 1539, 1540, 70, 13, 59, 1541, 1542, 440, 1543, 3, 725, 37, 470, 1544, 1545, 3, 1546, 37, 115, 1547, 3, 1548, 237, 551, 66, 13, 59, 1549, 58, 1191, 3, 284, 4, 1550, 3, 1078, 44, 1551, 3, 264, 481, 237, 1552, 1553, 409, 906, 11]
[1554, 714, 58, 645, 1555, 64, 3, 230, 25, 58, 461, 811, 1556, 64, 509, 1272, 1557, 172, 7, 8, 3, 1558, 1559, 470, 3, 661, 1560, 1561, 68, 4, 235, 237, 310, 70, 436, 683, 8, 1562, 1563, 140, 3, 1564, 1565, 467, 68, 1566, 173, 1191, 70, 1567, 11, 212, 115, 1568, 424, 1569, 1131, 3, 924, 7, 1570, 1571, 11, 1572, 3, 1573, 68, 1574, 1575, 70, 11]
[826, 763, 3, 25, 1576, 64, 115, 58, 1577, 3, 1578, 1579, 1580, 3, 1581, 1582, 1037, 64, 25, 11, 5, 4, 1583, 922, 460, 746, 1584, 140, 241, 4, 242, 172, 68, 286, 3, 173, 1585, 4, 3, 4, 1586, 157, 287, 11, 70, 66, 1587, 4, 1588, 64, 3, 120, 1585, 25, 11, 4, 76, 25, 58, 94, 1589, 106, 826, 1590, 68, 1591, 1592, 70, 802, 207, 1593, 3, 1594, 1595, 259, 3, 25, 740, 64, 419, 3, 37, 688, 5, 1596, 8, 58, 1577, 261, 64, 4, 11, 180, 3, 25, 1488, 253, 1319, 481, 1597, 232, 159, 58, 115, 225, 1598]
[1599, 58, 59, 3, 100, 267, 793, 58, 481, 1600, 61, 400, 646, 58, 1601, 787, 244, 310, 1602, 409, 1603, 3, 1068, 253, 55, 1604, 802, 699, 1605, 58, 1167, 3, 1606, 1607, 23, 3, 25, 1379, 1240, 3, 4, 860, 834, 55, 1608, 481, 1609, 58, 341, 783, 11, 1061, 1610, 58, 1085, 409, 1611, 3, 25, 1612, 58, 398, 1613, 1614, 3, 25, 1615, 409, 244, 1616, 409, 1617, 646, 3, 216, 217, 1618, 3, 946, 77, 16, 1414, 3, 996, 1342, 286, 58, 1036, 1619, 11, 393, 1620, 3, 25, 58, 1621, 961, 44, 1116, 1622, 1623, 11, 1624, 58, 481, 3, 1625, 3, 437, 1468, 1626, 453, 115, 294, 68, 1627, 1628, 70, 3, 5, 25, 1629, 3, 1630, 694, 65, 409, 1544, 694, 1043, 3, 779, 5, 1631, 1053, 3, 225, 31, 1632, 11, 18, 1633, 294, 1634, 1635, 1104, 1636, 25, 58, 1637, 1272, 23, 3, 25, 424, 894, 366, 1638, 442, 11, 5, 25, 1629, 3, 271, 1639, 3, 237, 1600, 1640, 3, 44, 1641, 1642, 11, 4, 250, 25, 1343, 409, 352, 353, 23, 3, 25, 486, 1474, 729, 212, 772, 3, 211, 1643, 13, 5, 1644, 25, 11]
[20, 64, 1645, 3, 481, 1646, 64, 3, 1221, 44, 364, 64, 3, 648, 1647, 3, 637, 1648, 58, 3, 785, 1649, 25, 3, 25, 13, 1650, 58, 745, 3, 77, 772, 3, 61, 94, 344, 140, 1651, 28, 4, 3, 1652, 1653, 28, 1654, 11, 100, 1, 1655, 1307, 3, 25, 5, 1656, 465, 1431, 3, 4, 235, 1657, 25, 1658, 1507, 1659, 1660, 3, 25, 235, 769, 64, 212, 4, 1232, 64, 3, 25, 242, 172, 68, 1507, 235, 1507, 1661, 3, 4, 235, 5, 1662, 1507, 28, 4, 237, 1663, 64, 11, 70, 284, 236, 64, 3, 37, 4, 1664, 58, 1665, 11]
[712, 3, 935, 584, 64, 3, 415, 115, 3, 1501, 1666, 3, 195, 727, 25, 64, 66, 253, 415, 3, 1667, 628, 1396, 61, 64, 3, 453, 980, 44, 981, 979, 3, 981, 768, 3, 268, 1668, 3, 1669, 196, 505]
[799, 1090, 23, 3, 51, 579, 58, 115, 1670, 116, 3, 25, 13, 222, 777, 65]
[1671, 59, 349, 159, 699, 1647, 58, 339, 3, 806, 787, 115, 492, 3, 1548, 235, 212, 115, 1672, 3, 834, 58, 13, 59, 104, 1673, 58, 1674, 11, 1675, 492, 235, 77, 1676, 3, 278, 237, 244, 946, 3, 1677, 1678, 55, 635, 1116, 3, 25, 58, 168, 1679, 235, 157, 240, 46, 3, 115, 294, 13, 237, 1454, 212, 25, 1680, 3, 13, 241, 25, 1681, 11, 157, 1682, 1683, 68, 1684, 70, 1685, 11, 5, 25, 305, 4, 59, 1686, 3, 230, 253, 1687, 237, 364, 3, 1688, 237, 364, 3, 1689, 25, 241, 4, 1142, 509, 1690, 396, 11, 4, 1691, 5, 120, 3, 549, 1356, 32, 5, 1692, 175, 176, 1693, 4, 1694, 409, 1695, 58, 177, 3, 1696, 1697, 1698, 803, 45, 64, 1699]
[25, 58, 237, 1700, 500, 1701, 64, 3, 195, 635, 1702, 1703, 3, 25, 235, 196, 1704, 16, 1705, 3, 85, 1706, 1707, 3, 628, 1396, 7, 59, 1708, 3, 1225, 1709, 1710, 1711, 64, 286, 436, 195, 799, 235, 212, 115, 492, 3, 777, 409, 131, 59, 632, 3, 1712, 5, 25, 1629, 115, 294, 13, 100, 1713, 58, 1714, 745, 3, 115, 294, 368, 25, 237, 1700, 3, 807, 13, 1715, 3, 31, 1716, 25, 436, 25, 1717, 1718, 1719, 536, 5, 507, 16, 3, 1460, 13, 237, 1720, 3, 486, 1721, 3, 1722, 3, 1514, 1723, 3, 1712, 278, 1724, 325, 325, 25, 1122, 787, 1725, 12, 237, 47, 11]
[393, 156, 775, 259, 58, 25, 1118, 1726, 49, 1727, 20, 64, 1728, 3, 1221, 278, 462, 1447, 91, 3, 437, 1729, 1730, 1674, 235, 453, 115, 45, 1731, 3, 1732, 261, 25, 1733, 1734, 58, 757, 1735, 28, 25, 58, 543, 13, 1736, 11]
[1737, 738, 1655, 259, 3, 736, 58, 1738, 115, 343, 161, 4, 1739, 64, 11, 335, 242, 172, 68, 286, 3, 1003, 4, 1740, 3, 1104, 343, 551, 11, 70, 4, 1741, 1742, 172, 68, 100, 43, 1191, 175, 176, 70, 335, 1743, 28, 1744, 242, 11, 4, 242, 172, 68, 1745, 839, 3, 1746, 173, 58, 980, 343, 161, 286, 1739, 11, 70, 335, 77, 237, 1747, 58, 261, 335, 58, 1748, 1749, 11, 191, 1116, 416, 31, 1750, 3, 1738, 115, 1751, 1238, 1752, 1753, 11, 347, 1754, 3, 4, 242, 172, 68, 173, 265, 1755, 65, 173, 980, 58, 416, 11, 70, 826, 1756, 416, 1757, 64, 3, 4, 241, 1738, 115, 242, 172, 68, 37, 416, 261, 286, 3, 56, 286, 212, 173, 58, 980, 242, 839, 129, 70, 335, 37, 416, 261, 64, 4, 811, 729, 58, 5, 1758, 1759, 28, 1654, 11, 1235, 416, 4, 1236, 1738, 58, 1261, 1760, 1761, 64, 3, 1600, 1762, 310, 1763, 335, 3, 1764, 58, 757, 1765, 1766, 3, 414, 1683, 37, 1767, 1768, 58, 1769, 40, 1770, 310, 1763, 1771, 58, 1261, 3, 1772, 1600, 335, 1746, 1773, 1774, 1775, 1776, 1769, 11, 87, 59, 1147, 1777, 58, 1081, 11, 4, 241, 1738, 115, 242, 172, 68, 173, 1778, 1746, 1773, 1774, 1775, 11, 70, 335, 1779, 3, 1780, 1009, 11, 4, 49, 1741, 1742, 172, 68, 173, 1300, 64, 830, 176, 70, 68, 710, 46, 64, 3, 1781, 173, 1782, 3, 4, 1783, 173, 129, 70, 335, 1784, 58, 161, 4, 1785, 11]
[11, 68, 1746, 1414, 129, 70, 1786, 1787, 1121, 1156, 1788, 1789, 3, 179, 335, 1222, 1790, 1791, 3, 393, 1792, 58, 1793, 409, 1794, 58, 1795, 3, 1796, 5, 1797, 28, 21, 1798, 585, 585, 353, 1799, 129, 4, 1800, 83, 3, 335, 1021, 1801, 172, 68, 286, 3, 1802, 212, 1803, 91, 64]
[1004, 1804, 55, 635, 58, 544, 25, 235, 212, 517, 115, 455, 3, 237, 1805, 1806, 64, 635, 58, 1045, 1807, 11, 1772, 25, 44, 1808, 64, 5, 55, 635, 8, 4, 1809, 1810, 58, 12, 11, 68, 1811, 70, 1586, 42, 1812, 237, 1813, 58, 1814, 47, 3, 56, 4, 1815, 491, 11, 194, 486, 5, 4, 1816, 3, 155, 323, 1817, 1818, 58, 177, 3, 349, 579, 51, 58, 115, 235, 1819, 58, 1820, 1318, 4, 172, 68, 1811, 70, 212, 166, 415, 91, 64, 3, 68, 1811, 70, 49, 1821, 1821, 64, 11, 5, 4, 459, 64, 25, 721, 1331, 3, 4, 207, 225, 31, 1822, 25, 1113, 58, 645, 3, 1689, 4, 20, 211, 25, 236, 28, 459, 243, 235, 42, 326, 1823, 47, 1824, 11, 395, 1825, 58, 481, 77, 59, 56, 4, 769, 3, 393, 769, 58, 1078, 3, 4, 136, 20, 172, 481, 1026, 103, 1826, 64, 286, 58, 459, 3, 1827, 58, 459, 1698, 55, 481, 1828, 64, 11]
[5, 4, 459, 64, 25, 721, 1331, 3, 4, 207, 225, 31, 1822, 25, 1113, 58, 645, 3, 1689, 4, 20, 211, 25, 236, 28, 459, 243, 235, 42, 326, 1823, 47, 1824, 11, 395, 1825, 58, 481, 77, 59, 56, 4, 769, 3, 393, 769, 58, 1078, 3, 4, 136, 20, 172, 481, 1026, 103, 1826, 64, 286, 58, 459, 3, 1827, 58, 459, 1698, 55, 481, 1828, 64, 11]
[5, 1829, 1343, 802, 3, 481, 1830, 1831, 46, 4, 58, 94, 3, 1795, 1832, 3, 1474, 1833, 366, 212, 1834, 3, 1772, 335, 261, 4, 1835, 58, 1836, 253, 1319, 68, 1837, 709, 1838, 70, 58, 12, 11, 1839, 3, 216, 1010, 660, 3, 1342, 286, 459, 335, 3, 335, 235, 1840, 467, 3, 18, 4, 1150, 335, 58, 177, 3, 335, 44, 406, 68, 244, 1502, 235, 1502, 58, 70, 488, 11]
[1841, 1842, 517, 481, 1843, 3, 5, 507, 16, 624, 125, 1844, 58, 127, 343, 931, 335, 657, 1845, 3, 700, 1846, 1847, 436, 168, 1848, 31, 223, 167, 46, 3, 1031, 16, 58, 1849, 61, 51, 286, 243, 343, 1850, 3, 253, 68, 1851, 1852, 32, 58, 1849, 13, 479, 335, 58, 1849, 1853, 129, 70, 11, 286, 243, 1854, 390, 1855, 68, 1856, 70, 3, 635, 58, 481, 31, 21, 1454, 787, 335, 1857, 269, 3, 1303, 486, 21, 657, 1858, 5, 341, 1859, 8, 1860, 654, 3, 182, 688, 5, 184, 8, 3, 1018, 391, 7, 1861, 11, 286, 294, 1862, 335, 3, 44, 646, 59, 1863, 1864, 11, 194, 486, 951, 517, 481, 946, 3, 980, 294, 44, 1865, 100, 1866, 3, 212, 4, 1867, 23, 486, 1868, 140, 1869, 237, 1454, 395, 58, 481, 85, 271, 481, 58, 337, 11]
[1870, 25, 58, 1456, 294, 13, 222, 68, 1871, 70, 1872, 1873, 32, 1874, 25, 58, 68, 1875, 70, 1876, 216, 237, 236, 409, 963, 1201, 409, 493, 115, 409, 1425, 115, 58, 239, 325, 325, 1342, 286, 294, 13, 100, 21, 1877, 58, 1878, 172, 1879, 25, 216, 222, 1880, 391, 28, 1881, 3, 349, 235, 1882, 64, 1597, 826, 237, 3, 156, 1451, 1061, 1610, 3, 235, 45, 64, 395, 58, 1191, 3, 1883, 58, 1008, 1884, 58, 184, 390, 1885, 64, 21, 1886, 1887, 3, 100, 1888, 1889, 364, 11]
[1870, 25, 58, 1456, 294, 13, 222, 68, 1871, 70, 1872, 1873, 32, 1874, 25, 58, 68, 1875, 70, 1876, 216, 237, 236, 409, 963, 1201, 409, 493, 115, 409, 1425, 115, 58, 239, 325, 325, 1342, 286, 294, 13, 100, 21, 1877, 58, 1878, 172, 1879, 25, 216, 222, 1880, 391, 28, 1881, 3, 349, 235, 1882, 64, 1597, 826, 237, 3, 156, 1451, 1061, 1610, 3, 235, 45, 64, 395, 58, 1191, 3, 1883, 58, 1008, 1884, 58, 184, 390, 1885, 64, 21, 1886, 1887, 3, 100, 1888, 1889, 364, 11]
[1, 3, 25, 194, 962, 390, 1348, 1890, 64, 1891, 3, 1892, 1893, 25, 881, 296, 1894, 1348, 11]
[191, 1895, 1896, 3, 25, 742, 1897, 1221, 230, 5, 1898, 1899, 3, 212, 1900, 850, 492, 1901, 20, 311, 3, 25, 1902, 3, 1903, 1904, 3, 1104, 1119, 1905, 729, 11]
[235, 5, 1906, 3, 1907, 1908, 1909, 241, 28, 870, 58, 115, 1544, 64, 1043, 3, 278, 358, 58, 212, 870, 58, 115, 242, 858, 3, 25, 58, 127, 1910, 390, 4, 1911, 3, 4, 19, 48, 3, 1073, 459, 25, 3, 1073, 1912, 28, 25, 58, 1913, 37, 25, 1914, 3, 25, 1915, 192, 5, 64, 1916, 3, 4, 31, 1917, 25, 11]
[4, 106, 25, 116, 54, 3, 1918, 1919, 64, 25, 65, 3, 207, 25, 58, 1920, 1921, 64, 3, 4, 1922, 1923, 25, 172, 68, 173, 1920, 1921, 64, 3, 37, 1920, 1924, 91, 839, 11, 70, 25, 180, 13, 237, 180, 4, 181, 3, 1925, 58, 735, 64, 4, 171, 172, 68, 4, 123, 1924, 129, 70, 4, 31, 265, 1431, 3, 394, 811, 5, 120, 1926, 1927, 25, 11]
[349, 579, 58, 1928, 115, 1929, 1537, 23, 3, 59, 1319, 1930, 58, 68, 570, 481, 70, 3, 216, 1931, 3, 441, 1932, 3, 7, 1933, 3, 296, 777, 3, 456, 453, 286, 771, 3, 1934, 1935, 1936, 3, 1507, 1937, 23, 1707, 325, 325, 1938, 100, 25, 58, 52, 3, 1939, 235, 196, 1940, 11]
[216, 628, 1941, 3, 799, 794, 469, 694, 3, 253, 415, 694, 3, 1942, 241, 694, 1943, 670, 325, 325, 1433, 294, 390, 25, 434, 391, 1009, 58, 1009, 3, 531, 58, 531, 3, 686, 58, 686, 11]
[1406, 1944, 3, 1945, 85, 528, 1121, 58, 25, 3, 49, 611, 4, 1909, 1946, 23, 11, 1564, 46, 1947, 1948, 3, 1949, 20, 115, 443, 16, 3, 1294, 140, 37, 21, 115, 1950, 64, 1951, 1952, 1953, 4, 284, 1954, 1955, 3, 211, 271, 1956, 64, 1957, 58, 1958, 3, 393, 4, 1959, 271, 172, 1104, 1960, 1961, 3, 173, 1961, 58, 59, 21, 481, 3, 59, 21, 1962, 58, 1589, 11]
[511, 16, 3, 25, 61, 342, 37, 1008, 606, 58, 1963, 1964, 1965, 3, 4, 1966, 659, 64, 25, 58, 342, 3, 278, 276, 25, 58, 1967, 415, 64, 25, 58, 1968, 3, 230, 25, 1969, 1970, 3, 1691, 1971, 1972, 5, 4, 1350, 3, 1973, 1974, 11]
[393, 461, 77, 237, 1975, 3, 196, 194, 726, 1976, 3, 5, 1977, 1978, 409, 1425, 3, 456, 415, 115, 409, 415, 286, 11]
[393, 461, 77, 237, 1975, 3, 196, 194, 726, 1976, 3, 5, 1977, 1978, 409, 1425, 3, 456, 415, 115, 409, 415, 286, 11]
[318, 3, 5, 1979, 343, 718, 58, 481, 802, 3, 101, 481, 59, 343, 1318, 4, 163, 390, 1980, 415, 64, 409, 1981, 64, 409, 1982, 64, 3, 444, 59, 1980, 194, 286, 58, 459, 409, 212, 115, 1568, 58, 341, 1448, 377, 271, 1983, 271, 11, 1142, 335, 278, 1984, 1985, 1986, 270, 517, 481, 58, 1987, 212, 1988, 433, 3, 456, 1989]
[844, 256, 318, 3, 25, 58, 1008, 1990, 321, 140, 714, 1414, 64, 311, 3, 769, 1041, 172, 68, 286, 3, 25, 37, 1991, 1992, 5, 4, 58, 41, 3, 278, 415, 4, 129, 70, 1993, 28, 1008, 1994, 58, 824, 3, 150, 1995, 1996, 64, 91, 3, 4, 1997, 1005, 7, 3, 277, 924, 25, 1998, 64, 351, 11]
[1944, 216, 3, 233, 20, 1999, 25, 332, 2000, 3, 77, 31, 2001, 58, 2002, 2003, 3, 4, 2004, 64, 25, 3, 56, 25, 2005, 2006, 343, 3, 323, 56, 25, 1163, 2007, 286, 3, 323, 121, 2008, 58, 2001, 11, 25, 59, 2005, 64, 3, 393, 235, 1507, 5, 546, 3, 237, 2003, 44, 237, 442, 3, 520, 60, 5, 546, 1811, 3, 2009, 58, 3, 1155, 391, 7, 8, 58, 115, 592, 11, 507, 2010, 872, 11]
[1677, 68, 2011, 70, 2012, 2013, 232, 3, 1222, 232, 2011, 1150, 64, 3, 2014, 161, 2015, 1640, 64, 3, 4, 44, 1869, 64, 2016, 3, 495, 2015, 31, 2017, 3, 2018, 500, 49, 1292, 64, 214, 58, 425, 11, 241, 2014, 486, 244, 1842, 1161, 3, 507, 16, 3, 37, 286, 243, 2019, 11]
[68, 2020, 286, 3, 2021, 415, 4, 129, 70, 21, 718, 33, 1172, 5, 7, 58, 412, 2022, 2023, 140, 2024, 3, 2025, 64, 552, 2026, 58, 4, 436, 1283, 2027, 58, 12, 294, 44, 2028, 2029, 140, 1351, 2030, 64, 870, 11]
[87, 3, 2021, 58, 2031, 130, 20, 64, 1011, 3, 25, 271, 237, 1805, 37, 30, 2032, 1545, 64, 3, 25, 2033, 242, 25, 1008, 66, 606, 229, 58, 3, 531, 335, 2034, 11, 182, 2035, 140, 2036, 2037, 2038, 358, 140, 63, 335, 11]
[4, 1523, 64, 395, 21, 12, 3, 25, 531, 2039, 3, 106, 422, 2040, 3, 25, 216, 235, 486, 949, 409, 1444, 962, 951, 694, 436, 799, 454, 455, 3, 1826, 85, 440, 516, 1011, 3, 278, 244, 415, 115, 3, 624, 100, 12, 1318, 4, 25, 777, 3, 744, 2041, 4, 459, 460, 3, 25, 486, 2042, 1041, 172, 68, 59, 25, 1079, 1155, 4, 58, 129, 70, 1735, 395, 21, 481, 3, 4, 2043, 1502, 1821, 2044, 984, 212, 1603, 3, 1927, 25, 2045, 305, 58, 2046, 175, 176]
[5, 4, 58, 635, 8, 100, 21, 12, 2047, 3, 25, 1240, 244, 962, 3, 507, 2048, 237, 2049, 3, 1636, 790, 44, 2050, 3, 807, 2051, 486, 16, 237, 310, 11, 318, 25, 806, 2052, 3, 530, 2053, 212, 115, 188, 2054, 11]
[66, 2055, 3, 4, 2056, 64, 2057, 2058, 58, 2059, 3, 709, 864, 3, 2060, 31, 64, 3, 2061, 58, 2062, 2063, 140, 2064, 5, 2065, 3, 2066, 61, 2067, 2068, 65, 83, 11, 388, 2069, 58, 4, 3, 2070, 2071, 390, 853, 64, 65, 3, 4, 333, 64, 2072, 2073, 3, 4, 333, 64, 25, 298, 58, 342, 3, 2074, 4, 1238, 813, 3, 230, 49, 755, 140, 940, 3, 412, 2075, 2076, 140, 76, 25, 3, 171, 254, 2077, 3, 2078, 2079, 3, 715, 881, 2080, 2080, 1653, 11]
[173, 59, 1319, 1537, 2081, 12, 3, 173, 58, 2082, 2083, 173, 2084, 1123, 2085, 2086, 3, 2087, 409, 1425, 1234, 436, 173, 461, 2088, 1321, 409, 624, 1324, 3, 1138, 2089, 819, 436, 173, 2090, 3, 2091, 3, 1104, 2092, 1081, 58, 2093, 436, 517, 286, 242, 173, 946, 31, 2094, 3, 2095, 2096, 3, 396, 2097, 3, 2098, 3, 2051, 2099, 436, 265, 2100, 173, 2101, 2102, 3, 1221, 2103, 3, 807, 805, 2104, 242, 173, 59, 68, 2105, 2106, 70, 11]
[241, 1404, 2107, 2108, 3, 241, 286, 2109, 3, 59, 2110, 2111, 2112, 58, 2113, 2114, 11, 1535, 4, 58, 635, 3, 44, 2115, 4, 58, 2116, 3, 4, 924, 25, 2117, 68, 1315, 1542, 70, 11]
[156, 538, 21, 1610, 3, 25, 58, 104, 2118, 2119, 2120, 64, 351, 172, 168, 2121, 237, 229, 3, 216, 806, 1422, 2122, 3, 624, 1842, 694, 11]
[2123, 100, 21, 531, 2124, 708, 58, 2125, 339, 3, 498, 1811, 3, 25, 2126, 5, 2127, 8, 695, 2128, 3, 253, 604, 2129, 2130, 606, 58, 1963, 3, 323, 237, 235, 345, 476, 2131, 58, 339, 261, 25, 2132, 1989, 11]
[5, 2133, 970, 805, 2134, 2135, 23, 3, 25, 2136, 878, 37, 2137, 21, 1207, 58, 1305, 261, 2129, 64, 300, 3, 742, 1207, 2138, 235, 1009, 64, 3, 2139, 469, 64, 25, 65, 11]
[2140, 938, 191, 1126, 3, 2141, 37, 1106, 58, 2078, 415, 2142, 64, 11, 4, 307, 37, 2143, 2144, 2145, 2146, 3, 49, 416, 2147, 64, 2148, 980, 11]
[55, 12, 349, 235, 531, 25, 1068, 839, 3, 25, 463, 100, 398, 3, 2100, 478, 2149, 2150, 3, 2051, 44, 2151, 3, 807, 437, 59, 1403, 3, 628, 237, 37, 286, 243, 2152, 11]
[2153, 2154, 3, 25, 243, 1116, 1570, 1555, 3, 216, 624, 2155, 3, 412, 2136, 462, 2156, 1322, 3, 2157, 212, 12, 45, 2158, 3, 2159, 296, 492, 11]
[2153, 2154, 3, 25, 243, 1116, 1570, 1555, 3, 216, 624, 2155, 3, 412, 2136, 462, 2156, 1322, 3, 2157, 212, 12, 45, 2158, 3, 2159, 296, 492, 11]
[2160, 409, 1241, 3, 2161, 58, 2162, 1168, 2163, 2164, 2165, 325, 325, 787, 736, 115, 58, 2166, 2167, 2168, 45]
[1737, 3, 25, 49, 5, 7, 787, 337, 58, 1207, 2169, 492, 64, 3, 549, 2170, 3, 253, 194, 2171, 1031, 23, 3, 1031, 237, 1805, 902, 20, 64, 25, 58, 674, 11]
[2172, 235, 100, 12, 343, 2173, 850, 286, 172, 2174, 409, 2175, 409, 2176, 409, 2177, 409, 2178, 3, 49, 37, 1860, 343, 58, 653, 2179, 743, 58, 472, 8, 64, 11]
[1735, 826, 1947, 574, 2180, 1825, 58, 12, 3, 4, 58, 394, 100, 2181, 58, 729, 172, 2182, 16, 238, 2183, 3, 318, 497, 37, 2184, 2185, 1544, 325, 325, 1735, 2186, 816, 653, 1277, 235, 1155, 64, 2187, 172, 37, 653, 2188, 2189, 792, 2190, 3, 2179, 7, 58, 2191, 409, 743, 58, 2192, 8, 325, 325, 562, 2193, 129]
[2194, 917, 59, 1319, 1315, 58, 481, 3, 2195, 3, 244, 2196, 657, 3, 237, 2197, 212, 115, 2198, 11]
[341, 2199, 115, 77, 2200, 3, 170, 115, 323, 343, 430, 3, 115, 237, 261, 11, 252, 68, 2201, 70, 237, 2202, 3, 25, 235, 2203, 2204, 11, 115, 294, 137, 459, 25, 2205, 3, 25, 1515, 2206, 3, 456, 2207, 64, 66, 115, 2208, 436]
[341, 2199, 115, 77, 2200, 3, 170, 115, 323, 343, 430, 3, 115, 237, 261, 11, 252, 68, 2201, 70, 237, 2202, 3, 25, 235, 2203, 2204, 11, 115, 294, 137, 459, 25, 2205, 3, 25, 1515, 2206, 3, 456, 2207, 64, 66, 115, 2208, 436]
[2209, 58, 2210, 3, 341, 2199, 115, 552, 767, 3, 21, 19, 5, 46, 346, 16, 58, 743, 237, 1805, 1525, 64, 25, 3, 670, 2211, 64, 25, 58, 2212, 11, 2213, 115, 542, 2214, 1640, 3, 393, 25, 536, 2215, 140, 37, 271, 212, 1008, 58, 2216, 2217, 2218, 1011, 3, 1012, 212, 1031, 1029, 1014]
[349, 58, 2219, 2136, 5, 991, 2220, 3, 1080, 2221, 2222, 481, 3, 744, 2223, 2049, 5, 2224, 94, 2225, 11]
[2226, 58, 177, 3, 2219, 37, 115, 58, 2227, 2228, 2179, 64, 687, 2229, 802, 3, 191, 2230, 3, 2231, 64, 11, 757, 343, 64, 3, 2232, 343, 64, 3, 805, 295, 2233, 2234, 3, 253, 157, 207, 2227, 2228, 11]
[2235, 64, 2219, 907, 2236, 2237, 58, 104, 1086, 3, 2238, 61, 342, 1885, 271, 2239, 3, 61, 2240, 2241, 690, 11]
[349, 2242, 3, 222, 326, 2219, 212, 349, 1431, 11, 2219, 49, 1408, 64, 129, 25, 605, 115, 58, 2243, 8, 1943, 670, 11]
[495, 3, 2244, 268, 269, 4, 1104, 2245, 834, 4, 2246, 3, 867, 2247, 4, 37, 4, 58, 1012, 44, 2248, 11, 70, 242, 28, 235, 924, 1012, 2249, 2250, 2251, 64, 11, 4, 394, 120, 172, 826, 794, 547, 787, 4, 2252, 2253, 129, 103, 2254, 268, 58, 2255, 3, 1688, 2256, 3, 278, 395, 2257, 129]
[1167, 85, 7, 2258, 58, 339, 924, 96, 2259, 64, 58, 2260, 1010, 20, 64, 2137, 1230, 2022, 58, 606, 2261, 3, 563, 606, 1221, 44, 477, 1447, 3, 2262, 924, 826, 228, 2263, 68, 2264, 70, 20, 2265, 339, 58, 2261, 3, 278, 2266, 1106, 11]
[339, 1932, 3, 235, 61, 298, 58, 2267, 2268, 606, 58, 2269, 2270, 792, 3, 606, 2269, 2262, 2271, 2272, 3, 1117, 11]
[25, 1735, 286, 58, 2273, 2274, 3, 233, 219, 220, 486, 1429, 2275, 3, 2276, 694, 2277, 25, 5, 1213, 11]
[677, 2278, 212, 115, 455, 3, 586, 120, 493, 694, 3, 1266, 2279, 498, 2280, 3, 823, 2281, 64, 2282, 332, 2283, 2284, 11]
[25, 531, 2285, 3, 2286, 115, 2287, 2288, 3, 2289, 3, 77, 1102, 2290, 3, 2291, 2292, 3, 2293, 3, 244, 492, 3, 225, 212, 2294, 16, 2295, 2296, 2198]
[2297, 2298, 25, 1115, 1808, 68, 2299, 70, 3, 787, 115, 294, 68, 415, 70, 1808, 2300, 3, 115, 294, 686, 28, 25, 3, 104, 2301, 58, 237, 729, 271, 3, 2302, 11]
[2297, 2298, 25, 1115, 1808, 68, 2299, 70, 3, 787, 115, 294, 68, 415, 70, 1808, 2300, 3, 115, 294, 686, 28, 25, 3, 104, 2301, 58, 237, 729, 271, 3, 2302, 11]
[4, 552, 1102, 2303, 266, 58, 2304, 16, 3, 2305, 4, 225, 334, 2306, 805, 58, 266, 3, 228, 2307, 115, 294, 222, 2308, 140, 2309, 325, 325, 3, 68, 2310, 70, 1172, 21, 113, 110, 3, 2311, 2312, 2313, 2314, 115, 2315, 11]
[393, 2316, 992, 58, 2317, 3, 100, 2318, 2319, 161, 4, 1635, 172, 2320, 49, 2321, 64, 168, 409, 2320, 16, 1136, 23, 1931, 390, 286, 459, 278, 771, 409, 2320, 493, 606]
[393, 2316, 992, 58, 2317, 3, 100, 2318, 2319, 161, 4, 1635, 172, 2320, 49, 2321, 64, 168, 409, 2320, 16, 1136, 23, 1931, 390, 286, 459, 278, 771, 409, 2320, 493, 606]
[730, 2322, 100, 115, 2173, 25, 800, 409, 777, 3, 241, 115, 396, 2323, 11]
[730, 2322, 100, 115, 2173, 25, 800, 409, 777, 3, 241, 115, 396, 2323, 11]
[241, 286, 58, 459, 409, 984, 2274]
[499, 2324, 115, 294, 58, 318, 2325, 23, 3, 586, 806, 1161, 3, 794, 2326, 55, 3, 253, 415, 391, 742, 115, 1009, 3, 2327, 115, 294, 942, 2328]
[25, 2329, 58, 2330, 2331, 323, 479, 490, 646, 3, 2332, 530, 122, 2333, 115, 58, 896, 3, 393, 2334, 323, 25, 229, 23, 3, 25, 49, 229, 391, 794, 77, 268, 11]
[579, 286, 237, 2335, 3, 25, 77, 237, 2336, 3, 235, 787, 2337, 286, 45, 2158, 3, 396, 77, 501]
[4, 278, 157, 2338, 250, 25, 1343, 3, 2339, 1663, 3, 25, 235, 212, 2340, 2341, 64, 1696, 3, 2342, 2343, 64, 97]
[278, 437, 2344, 115, 2055, 58, 1448, 3, 1033, 115, 13, 2345, 25, 3, 1783, 25, 3, 237, 212, 25, 295, 238, 2346]
[235, 414, 243, 25, 171, 44, 1288, 3, 414, 242, 335, 171, 3, 25, 222, 2347, 414, 2348, 3]
[182, 4, 161, 2349, 19, 310, 3, 190, 2350, 1331, 207, 25, 225, 31, 2351, 3, 4, 49, 1923, 64, 1, 3, 25, 913, 225, 31, 323, 453, 347, 58, 2352, 11, 4, 1293, 235, 310, 1062, 3, 25, 1465, 77, 2353, 2354, 2355, 4, 58, 97, 3, 538, 2356, 2357, 58, 2358, 2359, 49, 2360, 64, 533, 3, 18, 850, 1521, 1522, 64, 3, 278, 157, 1153, 12, 2361, 453, 4, 2362, 2363, 1569, 175]
[1186, 2364, 58, 2365, 2366, 3, 235, 2019, 3, 2367, 1456, 2368, 1239, 2369]
[2370, 244, 1018, 68, 878, 70, 3, 493, 490]
[799, 98, 455, 3, 115, 2055, 624, 2371, 3, 115, 294, 13, 1326, 25, 436]
[859, 212, 25, 238, 25, 235, 242, 859, 493, 25, 3, 278, 242, 776, 3, 493, 606, 3, 794, 2372, 2372, 55, 58, 2373, 253, 2374, 2374, 742, 58, 2375]
[859, 212, 25, 238, 25, 235, 242, 859, 493, 25, 3, 278, 242, 776, 3, 493, 606, 3, 794, 2372, 2372, 55, 58, 2373, 253, 2374, 2374, 742, 58, 2375]
[694, 140, 2376, 1924, 5, 2377, 362, 16, 3, 5, 694, 140, 2378, 8, 883, 2379, 3, 5, 694, 140, 2227, 2380, 1034, 3, 2381, 3, 229, 68, 2382, 70, 11]
[1176, 28, 415, 694, 424, 1549, 58, 1191, 3, 530, 3, 1303, 3, 4, 235, 222, 287, 490, 2383, 415, 25, 3, 94, 8, 2384, 58, 13, 59, 1487, 58, 813, 138]
[799, 98, 455, 3, 115, 2055, 624, 2371, 3, 115, 294, 13, 1326, 25, 436]
[400, 700, 58, 59, 3, 100, 58, 177, 787, 115, 45, 1731, 196, 242, 61, 2385, 2386, 776, 800, 3, 265, 237, 235, 27, 5, 1011, 2387, 3, 465, 58, 1009, 3, 5, 1396, 286, 242, 43, 335, 44, 246, 11, 2388, 562, 49, 2389, 49, 2390]
[5, 4, 58, 635, 2391, 21, 244, 415, 12, 58, 2143]
[5, 635, 802, 3, 5, 1346, 3, 25, 5, 212, 115, 238, 58, 177, 3, 624, 100, 115, 2392, 2393, 2394, 286, 1318, 4, 3, 242, 25, 777, 64, 11, 59, 864, 3, 1691, 960, 3, 635, 8, 100, 101, 115, 390, 25, 415, 11]
[624, 2395, 3, 453, 657, 492, 11, 5, 758, 415, 3, 5, 1770, 415, 3]
[799, 454, 455, 3, 806, 952]
[318, 624, 212, 115, 2371, 436]
[4, 56, 335, 1507, 20, 7, 870, 310, 3, 335, 406, 2274, 58, 488, 3, 42, 4, 438, 64, 131, 58, 2396]
[18, 286, 2026, 45, 419, 23, 3, 2397, 140, 2398]
[2399, 286, 459, 25, 3, 25, 278, 2400, 2401, 271, 2402]
[799, 98, 455, 3, 115, 2055, 624, 2371]
[799, 98, 455, 3, 115, 2055, 624, 2371, 3, 805, 13, 1326, 25, 3, 157, 657, 1454, 212, 25, 229, 1008]
[100, 1, 758, 1018, 497, 3, 5, 1346, 2403, 3, 992, 2404, 64, 2405, 3, 25, 2406, 64, 3, 1425, 636, 3, 1514, 271, 237, 2407, 1170, 1712, 951, 694, 11, 4, 459, 64, 25, 3, 120, 2408, 25, 2409, 3, 273, 25, 241, 28, 4, 58, 97, 235, 2410, 3, 1835, 64, 2411, 58, 2412]
[624, 2393, 492, 3, 1308, 507, 3, 1837, 286, 2413]
[5, 4, 278, 31, 2414, 1317, 3, 235, 1105, 2415, 115, 61, 509, 77, 813, 2416, 58, 113, 242, 172, 68, 699, 1783, 173, 1225, 657, 3, 2417, 129, 70, 1135, 13, 2418, 64, 11]
[799, 454, 455, 3, 624, 212, 115, 492]
[241, 286, 58, 459, 2109]
[4, 970, 46, 2419, 3, 2420, 581, 4, 2119, 1220, 2421, 55, 1166, 58, 21, 2422, 3, 640, 256, 980, 2423, 184, 2424, 12, 2425, 3, 261, 12, 2426, 58, 2427, 3, 12, 61, 264, 1987, 2132, 1989, 409, 2132, 2428, 3, 377, 980, 2429, 100, 726, 2430, 12, 58, 2431, 3, 235, 196, 114, 788, 58, 2432]
[2433, 2434, 2435, 3, 2436, 2437, 3, 2087, 3, 42, 975, 58, 976, 585, 585, 2438, 11]
[194, 1837, 850, 286, 2413, 3, 1153, 286, 44, 1744, 323, 25, 11]
[1772, 787, 2439, 2440, 45, 64, 2158, 3, 2441, 795, 64, 97]
[5, 787, 12, 1637, 802, 3, 207, 2442, 499, 212, 115, 2443, 1549, 1992, 11, 1243, 2444, 2445, 787, 115, 1731, 3, 456, 492, 11]
[5, 787, 12, 1637, 802, 3, 207, 2442, 499, 212, 115, 2443, 1549, 1992, 11, 1243, 2444, 2445, 787, 115, 1731, 3, 456, 492, 11]
[787, 1456, 58, 1637, 802, 3, 1679, 100, 2446, 58, 2447, 172, 216, 2048, 2448, 2449, 3, 2448, 212, 115, 100, 1448, 1497, 11]
[87, 5, 4, 736, 100, 228, 68, 2450, 58, 2451, 70, 585, 585, 68, 572, 70, 409, 68, 2452, 70, 2453, 11, 115, 294, 1517, 25, 3, 686, 28, 25, 2454, 286, 1783, 25, 3, 1326, 25, 3]
[11, 68, 878, 70, 690, 1086, 1222, 500, 64, 173, 77, 244, 2455, 3, 393, 1225, 1086, 2456, 64, 694]
[216, 611, 286, 237, 2457, 1885, 2137, 606, 58, 1963, 3, 5, 115, 259, 2458, 569, 610, 3]
[799, 1860, 654, 1395, 2301, 58, 115, 3, 2221, 277, 2459, 20, 115, 58, 283, 8]
[2460, 700, 58, 59, 3, 25, 437, 2461, 2462, 736, 58, 21, 2463, 12, 2464, 242, 776, 3, 278, 2465, 2466, 25, 11]
[393, 1240, 409, 1902, 409, 1266, 2467, 2468, 3, 1772, 1243, 787, 115, 2371, 456, 1672]
[25, 58, 2469, 8, 1679, 31, 636, 58, 2470, 3, 2471, 409, 2472, 409, 456, 237, 216, 409, 467, 286, 59, 624, 58, 1081, 3, 393, 25, 2473, 58, 640, 21, 419, 13, 100, 21, 56, 4, 564, 58, 745, 11]
[159, 100, 1167, 531, 2474, 2475, 58, 743, 3, 2444, 2476, 549, 3, 1257, 335, 58, 944, 3, 16, 799, 212, 115, 492, 3, 115, 294, 946, 942, 2328, 11]
[2477, 177, 235, 2444, 700, 2478, 390, 643, 999, 3, 1331, 1691, 2479, 1131, 3, 286, 58, 2480, 3, 980, 58, 2481, 3, 44, 2217, 390, 25, 1855, 1856, 11]
[216, 237, 2482, 1284, 3, 948, 949, 3, 948, 951, 694, 946, 3, 2483, 726, 946, 58, 947, 436, 799, 454, 455, 3, 806, 952, 436, 168, 237, 229, 3, 953, 229, 64, 3, 44, 229, 237, 954, 3, 955, 956, 957, 325, 325, 637, 13, 100, 12, 161, 4, 718, 11]
[100, 395, 21, 12, 3, 2484, 2485, 2486, 3, 55, 481, 100, 1897, 1221, 3, 244, 212, 115, 492, 3, 216, 237, 2487, 3, 1663, 168, 624, 237, 229, 3, 953, 229, 64, 3, 44, 2488, 325, 325, 637, 2489, 12, 161, 4, 718]
[2490, 16, 763, 23, 3, 216, 948, 506, 1492, 946, 3, 948, 1334, 436, 799, 98, 455, 3, 115, 2055, 624, 2371, 3, 115, 294, 13, 1326, 25, 436, 237, 2491, 3, 2492, 2493, 2494, 2495, 325, 325, 640, 256, 794, 1342, 286, 253, 12, 161, 4, 718, 11]
[25, 783, 1447, 3, 2448, 2496, 3, 1552, 2497, 2498, 3, 2499, 115, 44, 237, 2500, 3, 456, 530, 100, 2501, 1086, 3, 624, 787, 1492, 45, 1448, 3, 5, 16, 2502, 2503, 3, 235, 701, 787, 1492, 2504, 3, 25, 456, 278, 2505, 2506, 310, 338, 2507, 758, 131, 3, 2508, 2509, 2510, 2511, 3, 1020, 64, 995, 58, 45]
[5, 25, 2490, 106, 2512, 1535, 349, 579, 535, 3, 25, 44, 225, 31, 136, 20, 2513, 2514, 377, 2515, 2516, 3, 1451, 2517, 235, 787, 2518, 2519, 58, 12, 492, 3, 535, 49, 161, 1492, 2520, 237, 278, 3, 18, 995, 390, 1986, 351, 3, 271, 1514, 2521, 3, 1515, 811, 364, 1232, 3, 2522, 1075, 777, 3, 284, 25, 58, 2340, 44, 5, 2523, 3, 811, 241, 25, 2524]
[155, 2525, 3, 216, 948, 506, 1492, 946, 3, 948, 1180, 949, 436, 318, 98, 455, 3, 115, 2055, 624, 2371, 3, 115, 294, 13, 1326, 25]
[2415, 708, 2526, 2526, 2526, 21, 100, 2527, 58, 2143, 3, 393, 1240, 409, 1902, 409, 1266, 2467, 2528, 1321, 3, 1772, 1243, 787, 115, 2371, 456, 1672, 3, 216, 624, 2529, 218, 393, 44, 2157, 2530, 3, 951, 2225, 115, 2027, 3, 1846, 2531, 3, 574, 56, 4, 2369]
[2490, 16, 763, 23, 3, 216, 624, 212, 517, 115, 2532, 5, 507, 16, 2533, 444, 229, 2534, 3, 44, 237, 236, 286, 58, 2535, 3, 700, 951, 1847]
[799, 98, 455, 3, 1221, 2103, 3, 115, 2055, 624, 2371, 2346]
[5, 965, 3, 212, 965, 2536, 2537, 3, 237, 223, 312, 3, 115, 294, 13, 1326, 25, 436]
[12, 2538, 77, 1380, 1615, 3, 860, 2528, 2280, 3, 222, 2539, 3, 2540, 58, 2541, 44, 646, 3, 495, 2433, 2542, 1272, 409, 2294, 2543, 690, 2544, 58, 549, 3, 862, 12, 2545, 241, 946, 31, 2334, 2546, 947, 3, 168, 44, 1104, 223, 224, 3, 946, 961, 791, 3, 216, 237, 2547, 1426, 3, 624, 271, 237, 2027, 278, 1846, 694, 436, 286, 409, 115, 962, 23, 806, 1423, 3, 530, 216, 196, 2548, 104, 212, 507, 2549, 243, 3, 1712, 2075, 1823, 3, 1104, 459, 3, 195, 996, 286, 459, 235, 196, 461, 1152, 3, 440, 787, 286, 2550]
[230, 1693, 4, 212, 51, 58, 12, 2551, 58, 2552, 803, 23, 3, 25, 1465, 1123, 4, 58, 1124, 3, 695, 58, 1507, 188, 409, 442, 443, 2128, 3, 278, 695, 140, 795, 694, 58, 239, 3, 250, 694, 962, 3, 694, 237, 787, 25, 962, 23, 3, 278, 1672]
[2553, 581, 58, 256, 2339, 3, 25, 212, 513, 25, 870, 58, 21, 743, 492, 3, 4, 333, 259, 225, 31, 133, 241, 163, 2554]
[393, 55, 12, 2555, 636, 2292, 409, 216, 2556, 236, 409, 1549, 2534, 212, 1431, 2432, 2557, 3, 530, 278, 244, 453, 2558, 2559, 2560, 3, 758, 409, 159, 496, 58, 497, 624, 237, 2324, 3, 1712, 859, 2529, 2324, 25, 278, 2561, 2562, 3, 499, 2563, 2471]
[237, 333, 861, 3, 25, 486, 2564, 3, 1317, 158, 332, 212, 517, 115, 492, 3, 1344, 2369]
[2565, 2566, 2502, 23, 3, 25, 2444, 979, 2567, 758, 636, 206, 2568, 2087, 208, 377, 390, 758, 999, 3, 2569, 58, 25, 2570, 1292, 635]
[2571, 206, 2572, 208, 579, 1259, 2512, 2573, 58, 2574, 115, 3, 398, 2575, 3, 1221, 49, 2576, 3, 268, 500, 271, 3, 216, 1240, 3, 244, 962, 3, 2577, 2292, 3, 1403, 3, 2578, 1321, 3, 244, 2559, 2579, 11]
[1275, 343, 3, 25, 2473, 58, 419, 1524, 3, 109, 2580, 786, 377, 453, 286, 409, 115, 2581, 3, 2582, 398]
